size_slug,ollama_ref,size_file
24b,mistral-small3.2:24b,sizes/24b.json
24b-instruct2506-fp16,mistral-small3.2:24b-instruct-2506-fp16,sizes/24b-instruct2506-fp16.json
24b-instruct2506-q4-k-m,mistral-small3.2:24b-instruct-2506-q4_K_M,sizes/24b-instruct2506-q4-k-m.json
24b-instruct2506-q80,mistral-small3.2:24b-instruct-2506-q8_0,sizes/24b-instruct2506-q80.json
latest,mistral-small3.2:latest,sizes/latest.json
